image: map.pgm
resolution: 0.10000
origin: [-20.0, -20.0, 0.000000]
negate: 0
occupied_thresh: 0.65
free_thresh: 0.196

